1 0 0
2 0 0
3 0 0
4 0 0
5 0 0
6 0 0
7 0 0
8 0 0
9 0 0
10 0 0
11 0 0
12 0 0
13 0 0
14 0 0
15 0 0
16 0 0
17 0 0
18 0 0
19 0 0
20 0 0
21 0 0
22 0 0
23 0 0
24 0 0
25 0 0
26 0 0
27 0 0
28 0 0
29 0 0
30 0 0
31 0 0
32 0 0
33 0 0
34 0 0
35 0 0
36 0 0
37 0 0
38 0 0
39 0 0
40 0 0
41 0 0
42 0 0
43 0 0
44 0 0
45 0 0
46 0 0
47 0 0
48 0 0
49 0 0
50 0 0
51 0 0
52 0 0
53 0 0
54 0 0
55 0 0
56 0 0
57 0 0
58 0 0
59 0 0
60 0 0
61 0 0
62 0 0
63 0 0
64 0 0
65 0 0
66 0 0
67 0 0
68 0 0
69 0 0
70 0 0
71 0 0
72 0 0
73 0 0
74 0 0
75 0 0
76 0 0
77 0 0
78 0 0
79 0 0
80 0 0
81 0 0
82 0 0
83 0 0
84 0 0
85 0 0
86 0 0
87 0 0
88 0 0
89 0 0
90 0 0
91 0 0
92 0 0
93 0 0
94 0 0
95 0 0
96 0 0
97 0 0
98 0 0
99 0 0
100 0 0
101 78 98
102 55 100
103 99 33
104 35 81
105 80 32
106 89 5
107 79 54
108 61 17
109 42 68
110 26 44
111 87 45
112 6 59
113 16 84
114 34 85
115 43 3
116 94 62
117 47 64
118 88 76
119 14 4
120 49 12
121 29 22
122 91 51
123 67 21
124 52 58
125 74 71
126 73 9
127 19 66
128 77 93
129 90 57
130 97 46
131 25 37
132 27 92
133 75 7
134 65 36
135 15 53
136 10 96
137 39 31
138 38 72
139 86 20
140 82 95
141 18 30
142 28 60
143 2 23
144 41 1
145 8 83
146 56 40
147 50 48
148 63 69
149 11 70
150 24 13
151 2 68
152 16 31
153 86 93
154 89 20
155 74 4
156 38 60
157 27 54
158 75 92
159 80 72
160 67 32
161 87 7
162 56 100
163 25 22
164 11 40
165 14 95
166 50 83
167 43 66
168 35 84
169 34 13
170 77 37
171 26 62
172 79 98
173 28 21
174 90 69
175 19 81
176 49 30
177 61 96
178 91 85
179 99 9
180 63 53
181 88 51
182 6 76
183 42 12
184 8 58
185 97 1
186 65 64
187 24 57
188 82 36
189 52 45
190 94 3
191 10 23
192 73 70
193 78 33
194 18 71
195 15 17
196 39 46
197 41 44
198 47 59
199 29 48
200 55 5
201 28 95
202 87 66
203 65 58
204 15 60
205 2 36
206 43 57
207 52 72
208 11 81
209 91 76
210 16 54
211 61 46
212 56 13
213 63 69
214 74 12
215 38 45
216 25 92
217 24 3
218 50 93
219 67 33
220 90 40
221 99 31
222 39 84
223 82 30
224 49 9
225 88 5
226 18 62
227 80 17
228 14 21
229 47 23
230 55 96
231 19 100
232 42 71
233 35 1
234 86 22
235 26 98
236 75 4
237 77 51
238 34 85
239 89 32
240 8 64
241 73 70
242 79 59
243 6 37
244 41 7
245 27 48
246 29 83
247 10 68
248 97 53
249 78 44
250 94 20
251 99 62
252 39 70
253 26 20
254 86 98
255 52 51
256 55 32
257 38 66
258 63 72
259 29 60
260 79 5
261 67 95
262 97 57
263 15 71
264 24 46
265 75 31
266 28 21
267 8 1
268 47 7
269 25 9
270 14 92
271 94 64
272 56 48
273 77 81
274 34 4
275 2 33
276 35 85
277 80 37
278 74 68
279 18 23
280 19 30
281 89 36
282 11 44
283 90 54
284 16 22
285 41 40
286 87 13
287 42 76
288 61 17
289 82 69
290 6 100
291 91 58
292 73 45
293 27 96
294 10 93
295 88 83
296 50 59
297 78 12
298 49 53
299 43 84
300 65 3
301 122 251
302 183 164
303 165 246
304 219 156
305 157 220
306 227 210
307 256 268
308 151 214
309 169 232
310 244 109
311 104 126
312 193 230
313 265 168
314 247 136
315 174 285
316 233 150
317 144 211
318 135 217
319 292 192
320 191 181
321 129 108
322 291 289
323 278 259
324 184 134
325 297 274
326 284 231
327 121 277
328 239 166
329 185 123
330 177 106
331 147 235
332 111 242
333 213 178
334 159 132
335 199 216
336 117 204
337 115 209
338 207 263
339 179 114
340 194 243
341 190 273
342 186 180
343 154 237
344 202 228
345 158 293
346 175 262
347 253 103
348 276 205
349 196 218
350 182 275
351 264 161
352 272 203
353 162 258
354 270 282
355 102 155
356 224 145
357 206 250
358 171 128
359 130 198
360 252 223
361 248 267
362 236 225
363 131 189
364 143 152
365 167 119
366 107 116
367 127 105
368 140 238
369 101 200
370 110 283
371 148 125
372 290 296
373 287 160
374 299 295
375 286 240
376 124 188
377 120 288
378 142 271
379 241 139
380 300 141
381 266 229
382 149 249
383 269 234
384 163 260
385 137 113
386 153 212
387 133 221
388 170 146
389 254 112
390 245 197
391 176 280
392 255 281
393 215 279
394 172 226
395 138 195
396 257 208
397 298 261
398 187 173
399 201 118
400 222 294
401 236 230
402 184 156
403 256 243
404 257 235
405 264 229
406 153 225
407 252 166
408 157 267
409 248 259
410 104 108
411 298 275
412 202 178
413 201 119
414 276 240
415 143 123
416 127 112
417 207 216
418 269 280
419 175 139
420 151 211
421 163 214
422 165 134
423 186 295
424 239 132
425 115 281
426 120 114
427 299 237
428 292 116
429 144 217
430 131 109
431 140 181
432 148 223
433 182 261
434 284 209
435 247 262
436 169 274
437 101 128
438 185 231
439 133 198
440 270 289
441 122 294
442 171 125
443 254 164
444 272 155
445 154 126
446 117 106
447 142 188
448 167 103
449 224 296
450 137 293
451 219 251
452 129 168
453 222 263
454 213 242
455 149 160
456 124 161
457 245 203
458 287 146
459 176 246
460 147 205
461 191 232
462 253 180
463 187 173
464 290 152
465 244 192
466 241 145
467 265 288
468 130 283
469 111 141
470 102 136
471 194 105
472 278 271
473 177 282
474 110 279
475 174 150
476 215 113
477 138 258
478 255 195
479 227 208
480 233 285
481 193 228
482 162 226
483 190 118
484 135 189
485 121 221
486 286 204
487 172 197
488 196 238
489 107 200
490 199 250
491 159 249
492 170 210
493 206 212
494 179 218
495 291 234
496 266 268
497 183 277
498 300 273
499 158 220
500 297 260
501 356 470
502 377 435
503 474 308
504 315 466
505 330 393
506 408 331
507 307 344
508 433 446
509 396 453
510 305 424
511 304 365
512 347 383
513 314 459
514 494 401
515 303 372
516 316 366
517 345 409
518 469 426
519 350 495
520 431 482
521 388 376
522 492 481
523 486 428
524 340 430
525 487 346
526 484 488
527 420 338
528 456 327
529 375 325
530 357 368
531 480 332
532 379 475
533 478 472
534 423 417
535 436 427
536 445 403
537 302 442
538 334 413
539 444 306
540 371 382
541 328 454
542 467 323
543 404 353
544 349 411
545 405 380
546 358 443
547 468 421
548 450 439
549 336 410
550 493 389
551 500 391
552 319 392
553 395 333
554 301 464
555 321 477
556 419 337
557 310 460
558 448 361
559 457 312
560 465 412
561 402 355
562 498 449
563 369 342
564 425 326
565 309 386
566 359 384
567 440 364
568 311 416
569 479 406
570 438 374
571 476 462
572 360 394
573 447 458
574 497 385
575 496 490
576 381 352
577 483 485
578 418 322
579 362 452
580 499 432
581 343 463
582 341 489
583 354 471
584 351 397
585 318 400
586 363 407
587 451 373
588 387 398
589 320 313
590 367 441
591 324 335
592 370 399
593 329 429
594 390 434
595 339 437
596 473 491
597 415 414
598 317 348
599 461 378
600 422 455
601 316 337
602 329 306
603 390 458
604 451 346
605 499 338
606 371 407
607 457 373
608 343 429
609 351 313
610 479 393
611 433 490
612 309 482
613 341 462
614 314 374
615 447 446
616 438 323
617 388 475
618 339 389
619 357 426
620 404 365
621 445 308
622 476 312
623 396 361
624 500 491
625 370 386
626 467 326
627 497 464
628 319 380
629 419 459
630 425 364
631 345 417
632 310 411
633 478 355
634 362 441
635 301 335
636 354 495
637 330 428
638 492 412
639 367 414
640 422 376
641 415 333
642 450 344
643 431 397
644 405 485
645 483 430
646 311 449
647 387 463
648 448 378
649 418 471
650 486 477
651 484 409
652 356 435
653 381 331
654 379 470
655 350 410
656 395 481
657 465 368
658 440 382
659 317 322
660 302 439
661 456 455
662 480 489
663 487 460
664 318 488
665 347 427
666 420 385
667 469 416
668 360 348
669 363 398
670 493 327
671 320 406
672 359 424
673 423 432
674 444 325
675 334 352
676 377 442
677 304 342
678 408 452
679 324 372
680 494 392
681 315 399
682 436 384
683 468 413
684 474 391
685 303 437
686 473 383
687 305 434
688 496 353
689 336 472
690 498 366
691 375 332
692 358 403
693 307 401
694 369 400
695 321 394
696 402 421
697 328 466
698 340 453
699 461 454
700 349 443
701 354 312
702 444 361
703 480 382
704 302 439
705 340 327
706 492 342
707 309 389
708 445 403
709 304 365
710 330 452
711 404 463
712 448 394
713 347 386
714 451 416
715 418 449
716 301 352
717 351 411
718 396 454
719 415 424
720 476 326
721 499 464
722 371 407
723 357 462
724 303 421
725 478 385
726 314 475
727 381 437
728 473 490
729 440 376
730 336 488
731 339 435
732 387 400
733 465 466
734 363 380
735 456 427
736 377 489
737 388 337
738 436 372
739 320 470
740 494 397
741 321 393
742 425 485
743 311 442
744 305 428
745 358 410
746 375 429
747 447 331
748 469 308
749 359 348
750 422 391
751 328 430
752 493 459
753 343 453
754 497 399
755 457 366
756 433 441
757 450 434
758 360 373
759 349 383
760 379 333
761 498 338
762 316 368
763 334 401
764 438 392
765 362 443
766 345 491
767 461 409
768 420 446
769 317 353
770 431 472
771 496 406
772 370 384
773 315 482
774 356 335
775 350 414
776 329 325
777 479 332
778 484 322
779 318 346
780 419 355
781 468 378
782 310 306
783 324 398
784 319 458
785 486 374
786 341 413
787 408 313
788 405 417
789 402 471
790 423 495
791 395 426
792 367 412
793 369 344
794 467 481
795 487 477
796 500 323
797 390 432
798 307 455
799 474 364
800 483 460
